0.033360 0.014336 0.000000 0.014336
0.008097 0.012222 0.000000 0.012222
0.011597 0.012680 0.000000 0.012680
0.008162 0.012801 0.000000 0.012801
0.013872 0.013316 0.000000 0.013316
0.012663 0.013254 0.000000 0.013254
0.009042 0.013320 0.000000 0.013320
0.009633 0.013795 0.000000 0.013795
0.015569 0.014258 0.000000 0.014258
0.012938 0.014112 0.000000 0.014112
0.007497 0.014242 0.000000 0.014242
0.010230 0.014992 0.000000 0.014992
0.011796 0.015521 0.000000 0.015521
0.010445 0.015935 0.000000 0.015935
0.007671 0.016545 0.000000 0.016545
0.025816 0.017531 0.000000 0.017531
0.011737 0.016610 0.000000 0.016610
0.011347 0.017152 0.000000 0.017152
0.037765 0.017797 0.000000 0.017797
0.007831 0.015578 0.000000 0.015578
0.014239 0.016439 0.000000 0.016439
0.008709 0.016684 0.000000 0.016684
0.007998 0.017570 0.000000 0.017570
0.009546 0.018633 0.000000 0.018633
0.011604 0.019643 0.000000 0.019643
0.030304 0.020536 0.000000 0.020536
0.012536 0.019451 0.000000 0.019451
0.008284 0.020219 0.000000 0.020219
0.011747 0.021546 0.000000 0.021546
0.014200 0.022634 0.000000 0.022634
0.105769 0.023571 0.000000 0.023571
0.006424 0.014438 0.000000 0.014438
0.009942 0.015329 0.000000 0.015329
0.009003 0.015927 0.000000 0.015927
0.011313 0.016697 0.000000 0.016697
0.009143 0.017295 0.000000 0.017295
0.008895 0.018200 0.000000 0.018200
0.014588 0.019234 0.000000 0.019234
0.083831 0.019751 0.000000 0.019751
0.012760 0.012631 0.000000 0.012631
0.010845 0.012616 0.000000 0.012616
0.011657 0.012813 0.000000 0.012813
0.008273 0.012941 0.000000 0.012941
0.008861 0.013460 0.000000 0.013460
0.019957 0.013971 0.000000 0.013971
0.010507 0.013306 0.000000 0.013306
0.009803 0.013617 0.000000 0.013617
0.012404 0.014041 0.000000 0.014041
0.008203 0.014223 0.000000 0.014223
0.008378 0.014892 0.000000 0.014892
0.008280 0.015615 0.000000 0.015615
0.010435 0.016431 0.000000 0.016431
0.008600 0.017097 0.000000 0.017097
0.008304 0.018041 0.000000 0.018041
0.010955 0.019123 0.000000 0.019123
0.052854 0.020030 0.000000 0.020030
0.008243 0.016383 0.000000 0.016383
0.009985 0.017287 0.000000 0.017287
0.010101 0.018099 0.000000 0.018099
0.070442 0.018987 0.000000 0.018987
0.011397 0.013270 0.000000 0.013270
0.010127 0.013479 0.000000 0.013479
0.023941 0.013851 0.000000 0.013851
0.008118 0.012730 0.000000 0.012730
0.015952 0.013242 0.000000 0.013242
0.010748 0.012941 0.000000 0.012941
0.012333 0.013185 0.000000 0.013185
0.008001 0.013279 0.000000 0.013279
0.007864 0.013866 0.000000 0.013866
0.022648 0.014533 0.000000 0.014533
0.008033 0.013631 0.000000 0.013631
0.009863 0.014253 0.000000 0.014253
0.008324 0.014741 0.000000 0.014741
0.009967 0.015454 0.000000 0.015454
0.048190 0.016063 0.000000 0.016063
0.007847 0.012494 0.000000 0.012494
0.011966 0.013010 0.000000 0.013010
0.009573 0.013126 0.000000 0.013126
0.010701 0.013521 0.000000 0.013521
0.007709 0.013834 0.000000 0.013834
0.009212 0.014515 0.000000 0.014515
0.016718 0.015104 0.000000 0.015104
0.021861 0.014925 0.000000 0.014925
0.013869 0.014154 0.000000 0.014154
0.010001 0.014186 0.000000 0.014186
0.008122 0.014651 0.000000 0.014651
0.008566 0.015376 0.000000 0.015376
0.022950 0.016133 0.000000 0.016133
0.027786 0.015376 0.000000 0.015376
0.010509 0.013997 0.000000 0.013997
0.008338 0.014384 0.000000 0.014384
0.010366 0.015056 0.000000 0.015056
0.007296 0.015577 0.000000 0.015577
0.021824 0.016497 0.000000 0.016497
0.014074 0.015905 0.000000 0.015905
0.012179 0.016109 0.000000 0.016109
0.007781 0.016546 0.000000 0.016546
0.011477 0.017519 0.000000 0.017519
0.007956 0.018191 0.000000 0.018191
0.007733 0.019328 0.000000 0.019328
0.030774 0.020616 0.000000 0.020616
0.010886 0.019488 0.000000 0.019488
0.090197 0.020443 0.000000 0.020443
0.017406 0.012693 0.000000 0.012693
0.011037 0.012169 0.000000 0.012169
0.015312 0.012295 0.000000 0.012295
0.008564 0.011960 0.000000 0.011960
0.010365 0.012337 0.000000 0.012337
0.008101 0.012556 0.000000 0.012556
0.010394 0.013051 0.000000 0.013051
0.008041 0.013347 0.000000 0.013347
0.014222 0.013936 0.000000 0.013936
0.008309 0.013904 0.000000 0.013904
0.009224 0.014526 0.000000 0.014526
0.008189 0.015115 0.000000 0.015115
0.008944 0.015884 0.000000 0.015884
0.007920 0.016656 0.000000 0.016656
0.010545 0.017626 0.000000 0.017626
0.076122 0.018413 0.000000 0.018413
0.007918 0.012001 0.000000 0.012001
0.010181 0.012454 0.000000 0.012454
0.007828 0.012707 0.000000 0.012707
0.010441 0.013249 0.000000 0.013249
0.008405 0.013561 0.000000 0.013561
0.013929 0.014134 0.000000 0.014134
0.007873 0.014157 0.000000 0.014157
0.015028 0.014855 0.000000 0.014855
0.021626 0.014836 0.000000 0.014836
0.007836 0.014081 0.000000 0.014081
0.008370 0.014775 0.000000 0.014775
0.009514 0.015487 0.000000 0.015487
0.008659 0.016150 0.000000 0.016150
0.010640 0.016983 0.000000 0.016983
0.055374 0.017687 0.000000 0.017687
0.008026 0.013500 0.000000 0.013500
0.007874 0.014108 0.000000 0.014108
0.031961 0.014801 0.000000 0.014801
0.011009 0.012894 0.000000 0.012894
0.010449 0.013104 0.000000 0.013104
0.008358 0.013398 0.000000 0.013398
0.008371 0.013958 0.000000 0.013958
0.013340 0.014579 0.000000 0.014579
0.010950 0.014717 0.000000 0.014717
0.010266 0.015136 0.000000 0.015136
0.009792 0.015677 0.000000 0.015677
0.009894 0.016331 0.000000 0.016331
0.009949 0.017046 0.000000 0.017046
0.050215 0.017834 0.000000 0.017834
0.008022 0.014237 0.000000 0.014237
0.013180 0.014927 0.000000 0.014927
0.014736 0.015121 0.000000 0.015121
0.036902 0.015164 0.000000 0.015164
0.009943 0.012749 0.000000 0.012749
0.008482 0.013060 0.000000 0.013060
0.013842 0.013569 0.000000 0.013569
0.009317 0.013539 0.000000 0.013539
0.014678 0.014008 0.000000 0.014008
0.011214 0.013933 0.000000 0.013933
0.012091 0.014235 0.000000 0.014235
0.011415 0.014474 0.000000 0.014474
0.009314 0.014814 0.000000 0.014814
0.041518 0.015425 0.000000 0.015425
0.012401 0.012525 0.000000 0.012525
0.008277 0.012539 0.000000 0.012539
0.010644 0.013013 0.000000 0.013013
0.008632 0.013276 0.000000 0.013276
0.013690 0.013792 0.000000 0.013792
0.007510 0.013803 0.000000 0.013803
0.007760 0.014502 0.000000 0.014502
0.008558 0.015252 0.000000 0.015252
0.008131 0.015995 0.000000 0.015995
0.008942 0.016869 0.000000 0.016869
0.010076 0.017750 0.000000 0.017750
0.025175 0.018602 0.000000 0.018602
0.015888 0.017872 0.000000 0.017872
0.007577 0.018093 0.000000 0.018093
0.012661 0.019261 0.000000 0.019261
0.094990 0.019994 0.000000 0.019994
0.008608 0.011662 0.000000 0.011662
0.008081 0.012001 0.000000 0.012001
0.009862 0.012436 0.000000 0.012436
0.007996 0.012722 0.000000 0.012722
0.010733 0.013248 0.000000 0.013248
0.009011 0.013527 0.000000 0.013527
0.011692 0.014029 0.000000 0.014029
0.008378 0.014288 0.000000 0.014288
0.008379 0.014945 0.000000 0.014945
0.008450 0.015675 0.000000 0.015675
0.011673 0.016478 0.000000 0.016478
0.008252 0.017011 0.000000 0.017011
0.013048 0.017985 0.000000 0.017985
0.014762 0.018533 0.000000 0.018533
0.008587 0.018952 0.000000 0.018952
0.010516 0.020104 0.000000 0.020104
0.007583 0.021169 0.000000 0.021169
0.109893 0.022679 0.000000 0.022679
0.008473 0.012988 0.000000 0.012988
0.009598 0.013490 0.000000 0.013490
0.009071 0.013922 0.000000 0.013922
0.010925 0.014461 0.000000 0.014461
0.007899 0.014854 0.000000 0.014854
0.015391 0.015627 0.000000 0.015627
0.007668 0.015653 0.000000 0.015653
0.011803 0.016540 0.000000 0.016540
0.012928 0.017066 0.000000 0.017066
0.012027 0.017526 0.000000 0.017526
0.012223 0.018137 0.000000 0.018137
0.008432 0.018794 0.000000 0.018794
0.011881 0.019945 0.000000 0.019945
0.011911 0.020842 0.000000 0.020842
0.008204 0.021834 0.000000 0.021834
0.009685 0.023348 0.000000 0.023348
0.106687 0.024866 0.000000 0.024866
0.011556 0.015775 0.000000 0.015775
0.012087 0.016244 0.000000 0.016244
0.009587 0.016706 0.000000 0.016706
0.011073 0.017497 0.000000 0.017497
0.007921 0.018211 0.000000 0.018211
0.009599 0.019354 0.000000 0.019354
0.090122 0.020438 0.000000 0.020438
0.009730 0.012695 0.000000 0.012695
0.009045 0.013024 0.000000 0.013024
0.012192 0.013467 0.000000 0.013467
0.013216 0.013608 0.000000 0.013608
0.008463 0.013652 0.000000 0.013652
0.008851 0.014228 0.000000 0.014228
0.010884 0.014826 0.000000 0.014826
0.012958 0.015264 0.000000 0.015264
0.008183 0.015520 0.000000 0.015520
0.022833 0.016335 0.000000 0.016335
0.013119 0.015613 0.000000 0.015613
0.010856 0.015891 0.000000 0.015891
0.011881 0.016450 0.000000 0.016450
0.008310 0.016958 0.000000 0.016958
0.008593 0.017919 0.000000 0.017919
0.011063 0.018955 0.000000 0.018955
0.043897 0.019832 0.000000 0.019832
0.011443 0.017158 0.000000 0.017158
0.008104 0.017793 0.000000 0.017793
0.007768 0.018869 0.000000 0.018869
0.007928 0.020103 0.000000 0.020103
0.009428 0.021456 0.000000 0.021456
0.013220 0.022792 0.000000 0.022792
0.012227 0.023855 0.000000 0.023855
0.021368 0.025148 0.000000 0.025148
0.011550 0.025568 0.000000 0.025568
0.009635 0.027125 0.000000 0.027125
0.025997 0.029068 0.000000 0.029068
0.015142 0.029410 0.000000 0.029410
0.007835 0.030995 0.000000 0.030995
0.109290 0.033568 0.000000 0.033568
0.009197 0.025155 0.000000 0.025155
0.007917 0.026928 0.000000 0.026928
0.014846 0.029040 0.000000 0.029040
0.016215 0.030617 0.000000 0.030617
0.009591 0.032217 0.000000 0.032217
0.012071 0.034731 0.000000 0.034731
0.015926 0.037249 0.000000 0.037249
0.010203 0.039618 0.000000 0.039618
0.013365 0.042887 0.000000 0.042887
0.012020 0.046167 0.000000 0.046167
0.010942 0.049961 0.000000 0.049961
0.014950 0.054297 0.000000 0.054297
0.077054 0.058668 0.000000 0.058668
0.013043 0.056626 0.000000 0.056626
0.038063 0.061468 0.000000 0.061468
0.009095 0.064069 0.000000 0.064069
0.451868 0.070177 0.000000 0.070177
0.009377 0.027767 0.000000 0.027767
0.147252 0.029810 0.000000 0.029810
0.022219 0.016761 0.000000 0.016761
0.011885 0.016155 0.000000 0.016155
0.008083 0.016629 0.000000 0.016629
0.007354 0.017579 0.000000 0.017579
0.027169 0.018715 0.000000 0.018715
0.007974 0.017776 0.000000 0.017776
0.007423 0.018865 0.000000 0.018865
0.010108 0.020136 0.000000 0.020136
0.072557 0.021250 0.000000 0.021250
0.021943 0.015549 0.000000 0.015549
0.009471 0.014839 0.000000 0.014839
0.008395 0.015435 0.000000 0.015435
0.010468 0.016218 0.000000 0.016218
0.011173 0.016857 0.000000 0.016857
0.016066 0.017488 0.000000 0.017488
0.005933 0.017646 0.000000 0.017646
0.014356 0.018948 0.000000 0.018948
0.014952 0.019458 0.000000 0.019458
0.008178 0.019959 0.000000 0.019959
0.013737 0.021267 0.000000 0.021267
0.004920 0.022104 0.000000 0.022104
0.012381 0.024014 0.000000 0.024014
0.014453 0.025306 0.000000 0.025306
0.084066 0.026512 0.000000 0.026512
0.011808 0.020117 0.000000 0.020117
0.007532 0.021041 0.000000 0.021041
0.012145 0.022541 0.000000 0.022541
0.008992 0.023697 0.000000 0.023697
0.010319 0.025330 0.000000 0.025330
0.008596 0.026998 0.000000 0.026998
0.062986 0.029043 0.000000 0.029043
0.008172 0.025272 0.000000 0.025272
0.007755 0.027172 0.000000 0.027172
0.010738 0.029329 0.000000 0.029329
0.080618 0.031395 0.000000 0.031395
0.010336 0.025925 0.000000 0.025925
0.008548 0.027657 0.000000 0.027657
0.022968 0.029781 0.000000 0.029781
0.035125 0.030538 0.000000 0.030538
0.017701 0.030028 0.000000 0.030028
0.007628 0.031398 0.000000 0.031398
0.009732 0.034039 0.000000 0.034039
0.011183 0.036739 0.000000 0.036739
0.014471 0.039579 0.000000 0.039579
0.009239 0.042368 0.000000 0.042368
0.014852 0.046049 0.000000 0.046049
0.011399 0.049516 0.000000 0.049516
0.414809 0.053751 0.000000 0.053751
0.012958 0.013633 0.000000 0.013633
0.007895 0.013709 0.000000 0.013709
0.010614 0.014354 0.000000 0.014354
0.033158 0.014770 0.000000 0.014770
0.008863 0.012727 0.000000 0.012727
0.014353 0.013156 0.000000 0.013156
0.012076 0.013023 0.000000 0.013023
0.007963 0.013129 0.000000 0.013129
0.015124 0.013703 0.000000 0.013703
0.016392 0.013545 0.000000 0.013545
0.012377 0.013229 0.000000 0.013229
0.008609 0.013323 0.000000 0.013323
0.010973 0.013847 0.000000 0.013847
0.008101 0.014166 0.000000 0.014166
0.015459 0.014840 0.000000 0.014840
0.012722 0.014772 0.000000 0.014772
0.011318 0.014999 0.000000 0.014999
0.012395 0.015409 0.000000 0.015409
0.020079 0.015743 0.000000 0.015743
0.009789 0.015262 0.000000 0.015262
0.015016 0.015870 0.000000 0.015870
0.009185 0.015965 0.000000 0.015965
0.041472 0.016718 0.000000 0.016718
0.013857 0.013968 0.000000 0.013968
0.008315 0.013980 0.000000 0.013980
0.013850 0.014609 0.000000 0.014609
0.018704 0.014694 0.000000 0.014694
0.011475 0.014248 0.000000 0.014248
0.012103 0.014556 0.000000 0.014556
0.010140 0.014829 0.000000 0.014829
0.008637 0.015350 0.000000 0.015350
0.010380 0.016096 0.000000 0.016096
0.024521 0.016731 0.000000 0.016731
0.010949 0.015866 0.000000 0.015866
0.023877 0.016412 0.000000 0.016412
0.048348 0.015582 0.000000 0.015582
0.008899 0.011942 0.000000 0.011942
0.009751 0.012280 0.000000 0.012280
0.009593 0.012561 0.000000 0.012561
0.013990 0.012891 0.000000 0.012891
0.011507 0.012769 0.000000 0.012769
0.008339 0.012909 0.000000 0.012909
0.007743 0.013417 0.000000 0.013417
0.007673 0.014047 0.000000 0.014047
0.012424 0.014755 0.000000 0.014755
0.007546 0.015015 0.000000 0.015015
0.010135 0.015844 0.000000 0.015844
0.032481 0.016479 0.000000 0.016479
0.023403 0.014701 0.000000 0.014701
0.007821 0.013734 0.000000 0.013734
0.007993 0.014391 0.000000 0.014391
0.014925 0.015102 0.000000 0.015102
0.010095 0.015121 0.000000 0.015121
0.012825 0.015680 0.000000 0.015680
0.024942 0.015997 0.000000 0.015997
0.013889 0.015003 0.000000 0.015003
0.012372 0.015127 0.000000 0.015127
0.010120 0.015433 0.000000 0.015433
0.012066 0.016024 0.000000 0.016024
0.008467 0.016464 0.000000 0.016464
0.010897 0.017352 0.000000 0.017352
0.011563 0.018069 0.000000 0.018069
0.063655 0.018792 0.000000 0.018792
0.011221 0.013808 0.000000 0.013808
0.008694 0.014095 0.000000 0.014095
0.011118 0.014695 0.000000 0.014695
0.012009 0.015093 0.000000 0.015093
0.010448 0.015435 0.000000 0.015435
0.027801 0.015989 0.000000 0.015989
0.013327 0.014677 0.000000 0.014677
0.008168 0.014827 0.000000 0.014827
0.013292 0.015567 0.000000 0.015567
0.012701 0.015820 0.000000 0.015820
0.008113 0.016166 0.000000 0.016166
0.012234 0.017061 0.000000 0.017061
0.008990 0.017597 0.000000 0.017597
0.009235 0.018554 0.000000 0.018554
0.076801 0.019589 0.000000 0.019589
0.008790 0.013232 0.000000 0.013232
0.011502 0.013726 0.000000 0.013726
0.008313 0.013973 0.000000 0.013973
0.010455 0.014602 0.000000 0.014602
0.009885 0.015063 0.000000 0.015063
0.010408 0.015638 0.000000 0.015638
0.008112 0.016219 0.000000 0.016219
0.016524 0.017120 0.000000 0.017120
0.008890 0.017186 0.000000 0.017186
0.009649 0.018108 0.000000 0.018108
0.008604 0.019048 0.000000 0.019048
0.010458 0.020209 0.000000 0.020209
0.007973 0.021292 0.000000 0.021292
0.008026 0.022772 0.000000 0.022772
0.051971 0.024411 0.000000 0.024411
0.008440 0.021348 0.000000 0.021348
0.010383 0.022783 0.000000 0.022783
0.078142 0.024160 0.000000 0.024160
0.026339 0.018162 0.000000 0.018162
0.015269 0.017254 0.000000 0.017254
0.012061 0.017474 0.000000 0.017474
0.008406 0.018076 0.000000 0.018076
0.009907 0.019150 0.000000 0.019150
0.009698 0.020178 0.000000 0.020178
0.009506 0.021342 0.000000 0.021342
0.028006 0.022657 0.000000 0.022657
0.023627 0.022063 0.000000 0.022063
0.010454 0.021889 0.000000 0.021889
0.062921 0.023160 0.000000 0.023160
0.011561 0.018742 0.000000 0.018742
0.009055 0.019540 0.000000 0.019540
0.054618 0.020704 0.000000 0.020704
0.009266 0.016936 0.000000 0.016936
0.036045 0.017789 0.000000 0.017789
0.009665 0.015760 0.000000 0.015760
0.007855 0.016437 0.000000 0.016437
0.013633 0.017391 0.000000 0.017391
0.010272 0.017809 0.000000 0.017809
0.009335 0.018646 0.000000 0.018646
0.056928 0.019681 0.000000 0.019681
0.014739 0.015542 0.000000 0.015542
0.009023 0.015631 0.000000 0.015631
0.009592 0.016366 0.000000 0.016366
0.050922 0.017118 0.000000 0.017118
0.009126 0.013362 0.000000 0.013362
0.010486 0.013833 0.000000 0.013833
0.009497 0.014205 0.000000 0.014205
0.015790 0.014728 0.000000 0.014728
0.017361 0.014610 0.000000 0.014610
0.008429 0.014304 0.000000 0.014304
0.015353 0.014957 0.000000 0.014957
0.011960 0.014913 0.000000 0.014913
0.008342 0.015241 0.000000 0.015241
0.010896 0.016008 0.000000 0.016008
0.010027 0.016576 0.000000 0.016576
0.019572 0.017304 0.000000 0.017304
0.008758 0.017052 0.000000 0.017052
0.056935 0.017973 0.000000 0.017973
0.015996 0.013644 0.000000 0.013644
0.008746 0.013383 0.000000 0.013383
0.009146 0.013898 0.000000 0.013898
0.009038 0.014426 0.000000 0.014426
0.013280 0.015025 0.000000 0.015025
0.008616 0.015219 0.000000 0.015219
0.013392 0.015952 0.000000 0.015952
0.013331 0.016237 0.000000 0.016237
0.008775 0.016560 0.000000 0.016560
0.010130 0.017425 0.000000 0.017425
0.008445 0.018235 0.000000 0.018235
0.010976 0.019323 0.000000 0.019323
0.011950 0.020250 0.000000 0.020250
0.090859 0.021173 0.000000 0.021173
0.016116 0.013430 0.000000 0.013430
0.008513 0.013131 0.000000 0.013131
0.009254 0.013645 0.000000 0.013645
0.009173 0.014133 0.000000 0.014133
0.008340 0.014684 0.000000 0.014684
0.010712 0.015388 0.000000 0.015388
0.008290 0.015908 0.000000 0.015908
0.012709 0.016754 0.000000 0.016754
0.008781 0.017204 0.000000 0.017204
0.007551 0.018140 0.000000 0.018140
0.014163 0.019316 0.000000 0.019316
0.007341 0.019889 0.000000 0.019889
0.010400 0.021283 0.000000 0.021283
0.007814 0.022492 0.000000 0.022492
0.008143 0.024123 0.000000 0.024123
0.077343 0.025899 0.000000 0.025899
0.022952 0.020183 0.000000 0.020183
0.008210 0.019875 0.000000 0.019875
0.084559 0.021171 0.000000 0.021171
0.010472 0.014128 0.000000 0.014128
0.019025 0.014534 0.000000 0.014534
0.016303 0.014035 0.000000 0.014035
0.007535 0.013783 0.000000 0.013783
0.007489 0.014478 0.000000 0.014478
0.009460 0.015254 0.000000 0.015254
0.008174 0.015898 0.000000 0.015898
0.009570 0.016756 0.000000 0.016756
0.008951 0.017555 0.000000 0.017555
0.008994 0.018511 0.000000 0.018511
0.085068 0.019568 0.000000 0.019568
0.016721 0.012290 0.000000 0.012290
0.012368 0.011798 0.000000 0.011798
0.008079 0.011735 0.000000 0.011735
0.011512 0.012141 0.000000 0.012141
0.007512 0.012211 0.000000 0.012211
0.007847 0.012733 0.000000 0.012733
0.012413 0.013276 0.000000 0.013276
0.013637 0.013372 0.000000 0.013372
0.008842 0.013343 0.000000 0.013343
0.011603 0.013843 0.000000 0.013843
0.016542 0.014092 0.000000 0.014092
0.007632 0.013819 0.000000 0.013819
0.010902 0.014507 0.000000 0.014507
0.007866 0.014907 0.000000 0.014907
0.011705 0.015690 0.000000 0.015690
0.031102 0.016132 0.000000 0.016132
0.007799 0.014469 0.000000 0.014469
0.012153 0.015210 0.000000 0.015210
0.013890 0.015550 0.000000 0.015550
0.010480 0.015734 0.000000 0.015734
0.011559 0.016318 0.000000 0.016318
0.018576 0.016847 0.000000 0.016847
0.010414 0.016655 0.000000 0.016655
0.008869 0.017348 0.000000 0.017348
0.008487 0.018290 0.000000 0.018290
0.018629 0.019379 0.000000 0.019379
0.014544 0.019463 0.000000 0.019463
0.008457 0.020009 0.000000 0.020009
0.022474 0.021293 0.000000 0.021293
0.013614 0.021162 0.000000 0.021162
0.013979 0.022000 0.000000 0.022000
0.008226 0.022891 0.000000 0.022891
0.008725 0.024521 0.000000 0.024521
0.018159 0.026276 0.000000 0.026276
0.008983 0.027178 0.000000 0.027178
0.027046 0.029200 0.000000 0.029200
0.008514 0.029439 0.000000 0.029439
0.012186 0.031764 0.000000 0.031764
0.008286 0.033939 0.000000 0.033939
0.010614 0.036790 0.000000 0.036790
0.021190 0.039698 0.000000 0.039698
0.010917 0.041754 0.000000 0.041754
0.030976 0.045181 0.000000 0.045181
0.019153 0.046759 0.000000 0.046759
0.028495 0.049826 0.000000 0.049826
0.366349 0.052196 0.000000 0.052196
0.008778 0.017290 0.000000 0.017290
0.023031 0.018236 0.000000 0.018236
0.007822 0.017703 0.000000 0.017704
0.010367 0.018801 0.000000 0.018801
0.012883 0.019739 0.000000 0.019739
0.010157 0.020500 0.000000 0.020500
0.012381 0.021650 0.000000 0.021650
0.032102 0.022679 0.000000 0.022679
0.013887 0.021632 0.000000 0.021632
0.008393 0.022493 0.000000 0.022493
0.041451 0.024059 0.000000 0.024060
0.011569 0.022127 0.000000 0.022127
0.071059 0.023300 0.000000 0.023300
0.008203 0.017994 0.000000 0.017994
0.011826 0.019082 0.000000 0.019082
0.006184 0.019888 0.000000 0.019888
0.014402 0.021410 0.000000 0.021411
0.059625 0.022189 0.000001 0.022190
0.009754 0.018030 0.000001 0.018030
0.010869 0.018949 0.000001 0.018950
0.007896 0.019847 0.000001 0.019848
0.007552 0.021175 0.000001 0.021176
0.054125 0.022689 0.000002 0.022689
0.012966 0.019196 0.000002 0.019197
0.013098 0.019888 0.000003 0.019889
0.009297 0.020642 0.000003 0.020644
0.011580 0.021903 0.000004 0.021905
0.010760 0.023050 0.000005 0.023052
0.009565 0.024415 0.000006 0.024418
0.011348 0.026065 0.000008 0.026069
0.008951 0.027700 0.000010 0.027705
0.010595 0.029784 0.000012 0.029790
0.011089 0.031916 0.000015 0.031924
0.013292 0.034230 0.000019 0.034240
0.066121 0.036556 0.000024 0.036568
0.008337 0.033271 0.000030 0.033287
0.010615 0.036042 0.000038 0.036061
0.023589 0.038867 0.000047 0.038891
0.010307 0.040565 0.000059 0.040594
0.155207 0.043927 0.000074 0.043964
0.007987 0.031562 0.000092 0.031609
0.010846 0.034182 0.000115 0.034240
0.019892 0.036775 0.000144 0.036847
0.008526 0.038651 0.000180 0.038741
0.270220 0.041998 0.000225 0.042110
0.007574 0.016640 0.000281 0.016781
0.011175 0.017647 0.000352 0.017823
0.011060 0.018366 0.000439 0.018586
0.081618 0.019178 0.000549 0.019453
0.010034 0.012240 0.000687 0.012584
0.008913 0.012486 0.000858 0.012915
0.010311 0.012883 0.001073 0.013419
0.009096 0.013168 0.001341 0.013839
0.010702 0.013621 0.001676 0.014459
0.115880 0.013945 0.002095 0.014993
0.010476 0.002619 0.002619 0.002619
